%MAT 1
#notations: x y z
-1.00 	-1.00 	399.68 
0.00 	0.00 	399.68 
300.00 	0.00 	400.21 
600.00 	0.00 	400.92 
900.00 	0.00 	401.94 
1200.00 	0.00 	403.19 
0.00 	400.00 	399.54 
300.00 	400.00 	401.04 
600.00 	400.00 	401.98 
900.00 	400.00 	403.03 
1200.00 	400.00 	404.27 
0.00 	800.00 	399.93 
300.00 	800.00 	401.43 
600.00 	800.00 	403.28 
900.00 	800.00 	404.76 
1200.00 	800.00 	406.21 
0.00 	1200.00 	400.49 
300.00 	1200.00 	401.73 
600.00 	1200.00 	404.38 
900.00 	1200.00 	406.71 
1200.00 	1200.00 	408.68 
0.00 	1600.00 	401.25 
300.00 	1600.00 	402.31 
600.00 	1600.00 	405.40 
900.00 	1600.00 	408.65 
1200.00 	1600.00 	411.39 
#...
%MAT 2
-1.00 	-1.00 	259.68 
0.00 	0.00 	259.68 
300.00 	0.00 	260.21 
600.00 	0.00 	260.92 
900.00 	0.00 	261.94 
1200.00 	0.00 	263.19 
0.00 	400.00 	259.54 
300.00 	400.00 	261.04 
600.00 	400.00 	261.98 
900.00 	400.00 	263.03 
1200.00 	400.00 	264.27 
0.00 	800.00 	259.93 
300.00 	800.00 	261.43 
600.00 	800.00 	263.28 
900.00 	800.00 	264.76 
1200.00 	800.00 	266.21 
0.00 	1200.00 	260.49 
300.00 	1200.00 	261.73 
600.00 	1200.00 	264.38 
900.00 	1200.00 	266.71 
1200.00 	1200.00 	268.68 
0.00 	1600.00 	261.25 
300.00 	1600.00 	262.31 
600.00 	1600.00 	265.40 
900.00 	1600.00 	268.65 
1200.00 	1600.00 	271.39 
#...
%MAT 3
-1.00 	-1.00 	199.68 
0.00 	0.00 	199.68 
300.00 	0.00 	200.21 
600.00 	0.00 	200.92 
900.00 	0.00 	201.94 
1200.00 	0.00 	203.19 
0.00 	400.00 	199.54 
300.00 	400.00 	201.04 
600.00 	400.00 	201.98 
900.00 	400.00 	203.03 
1200.00 	400.00 	204.27 
0.00 	800.00 	199.93 
300.00 	800.00 	201.43 
600.00 	800.00 	203.28 
900.00 	800.00 	204.76 
1200.00 	800.00 	206.21 
0.00 	1200.00 	200.49 
300.00 	1200.00 	201.73 
600.00 	1200.00 	204.38 
900.00 	1200.00 	206.71 
1200.00 	1200.00 	208.68 
0.00 	1600.00 	201.25 
300.00 	1600.00 	202.31 
600.00 	1600.00 	205.40 
900.00 	1600.00 	208.65 
1200.00 	1600.00 	211.39 
%MAT 4
-1.00 	-1.00 	99.68 
0.00 	0.00 	99.68 
300.00 	0.00 	100.21 
600.00 	0.00 	100.92 
900.00 	0.00 	101.94 
1200.00 	0.00 	103.19 
0.00 	400.00 	99.54 
300.00 	400.00 	101.04 
600.00 	400.00 	101.98 
900.00 	400.00 	103.03 
1200.00 	400.00 	104.27 
0.00 	800.00 	99.93 
300.00 	800.00 	101.43 
600.00 	800.00 	103.28 
900.00 	800.00 	104.76 
1200.00 	800.00 	106.21 
0.00 	1200.00 	100.49 
300.00 	1200.00 	101.73 
600.00 	1200.00 	104.38 
900.00 	1200.00 	106.71 
1200.00 	1200.00 	108.68 
0.00 	1600.00 	101.25 
300.00 	1600.00 	102.31 
600.00 	1600.00 	105.40 
900.00 	1600.00 	108.65 
1200.00 	1600.00 	111.39 
#...
%MAT 5
-1.00 	-1.00 	0.10 
0.00 	0.00 	0.10 
300.00 	0.00 	0.10 
600.00 	0.00 	0.10 
900.00 	0.00 	0.10 
1200.00 	0.00 	0.10 
0.00 	400.00 	0.10 
300.00 	400.00 	0.10 
600.00 	400.00 	0.10 
900.00 	400.00 	0.10 
1200.00 	400.00 	0.10 
0.00 	800.00 	0.10 
300.00 	800.00 	0.10 
600.00 	800.00 	0.10 
900.00 	800.00 	0.10 
1200.00 	800.00 	0.10 
0.00 	1200.00 	0.10 
300.00 	1200.00 	0.10 
600.00 	1200.00 	0.10 
900.00 	1200.00 	0.10 
1200.00 	1200.00 	0.10 
0.00 	1600.00 	0.10 
300.00 	1600.00 	0.10 
600.00 	1600.00 	0.10 
900.00 	1600.00 	0.10 
1200.00 	1600.00 	0.10 
#...
%END